Room F1_Bedroom_3
8.337913 18.576708
8.934485 234.08142
163.68547 234.27673
163.68547 18.576708
Room F1_Bathroom
171.30547 118.82117
171.30547 234.27673
331.32547 234.27673
331.3585 118.82117
Room F1_Bedroom_2
338.94547 159.38223
338.6389 451.29138
708.9754 451.29135
708.9754 159.38222
Room F1_Bedroom_1
716.70795 18.489197
716.70795 451.75925
1001.7978 451.75925
1001.79785 18.489212
Room B1_Kitchen
8.927675 18.181425
8.927675 234.08142
331.12994 234.2252
331.12997 18.346317
Room B1_Garden
8.838854 241.89671
8.838854 451.278
331.12994 451.278
331.12994 241.89673
Room F0_Aisle
1001.67505 18.3463
171.30545 18.346264
171.30545 111.20117
338.74994 111.20117
338.77396 151.4052
710.8599 151.40521
710.8599 106.5052
1001.67505 106.5052
Room F0_LivingRoom
338.74994 159.02519
338.74994 452.3952
1001.68524 451.44678
1002.02014 114.1252
718.4799 114.1252
718.4799 158.8927
Room F1_Aisle
171.30547 18.575167
171.30547 111.20119
338.9455 111.20119
338.9455 151.76225
708.9754 151.76224
708.9754 18.376719
Room B1_LivingRoom
338.74997 18.37671
338.74994 452.3952
1001.68524 451.44678
1001.67505 18.346298
Room F0_Bathroom
171.30547 118.82117
171.30547 234.27673
331.32547 234.27673
331.3585 118.82117
Room F0_Kitchen
8.337913 18.576708
8.934485 234.08142
163.68547 234.27673
163.68547 18.576708
